,variable1,variable2,variable3,variable4,variable5,variable6,variable7,variable8,variable9,variable10,variable11,variable12,variable13,variable14,variable15,variable17,variable18,variable19,classLabel
variable1,1.0,0.03432057230941503,-0.03960518336529318,0.05894977326259927,0.05894977326259927,-0.0329361498861527,0.0349401070104753,0.12046219035841278,-2.1973901572226134e-05,0.08769640346350256,0.0010496584600014898,-0.1594600134654796,0.013021681588697808,0.13884859310586753,-0.06472063772211135,0.13884859310586753,0.003250569598656543,-0.016809946781120834,-0.016809946781120834
variable2,0.03432057230941503,1.0,0.2733505856040787,-0.05850581988379984,-0.05850581988379984,-0.048989238475751776,-0.019039030531228785,0.09768177311141352,0.01954408840091751,-0.0926943210174054,0.1019283895486731,0.010117871153924773,0.044725063680855916,0.13621869494364033,0.1432319376509521,0.13621869494364033,0.0004675712328172459,0.0587573936543991,0.0587573936543991
variable3,-0.03960518336529318,0.2733505856040787,1.0,-0.07200048114461924,-0.07200048114461924,0.07156269861369062,-0.014159022867524882,0.14609384563673009,0.059148045358654415,-0.109798308881631,0.18808656835879067,0.039457268043476865,-0.015757360877970954,0.029791877423803573,0.1746856417961552,0.029791877423803573,-0.015036153801515708,0.06997449424594215,0.06997449424594215
variable4,0.05894977326259927,-0.05850581988379984,-0.07200048114461924,1.0,1.0,0.055404336375201764,0.023126202898279605,-0.11172948526369504,-0.0996811870833999,0.10505248170181952,-0.06944363884492126,-0.19921898380525055,-0.08192444214821411,0.0788426674970339,-0.04403668224367436,0.0788426674970339,0.11247823324994821,-0.1073200124756441,-0.1073200124756441
variable5,0.05894977326259927,-0.05850581988379984,-0.07200048114461924,1.0,1.0,0.055404336375201764,0.023126202898279605,-0.11172948526369504,-0.0996811870833999,0.10505248170181952,-0.06944363884492126,-0.19921898380525055,-0.08192444214821411,0.0788426674970339,-0.04403668224367436,0.0788426674970339,0.11247823324994821,-0.1073200124756441,-0.1073200124756441
variable6,-0.0329361498861527,-0.048989238475751776,0.07156269861369062,0.055404336375201764,0.055404336375201764,1.0,0.052255838214547705,0.18170756117366,0.1502836014683306,-0.055984646563613565,0.006820411514315378,-0.08515354774874143,-0.19431879689178522,0.15762195226283796,0.004389141282753238,0.15762195226283796,0.009803995121270434,0.07896759935751668,0.07896759935751668
variable7,0.0349401070104753,-0.019039030531228785,-0.014159022867524882,0.023126202898279605,0.023126202898279605,0.052255838214547705,1.0,0.10291107804986731,0.07211286560932247,-0.019730252677443928,0.1144389624082609,0.021954377187600634,-0.12375808663676291,0.033889373323342215,-0.0724716492390327,0.033889373323342215,-0.021676014615248162,0.04561624588670246,0.04561624588670246
variable8,0.12046219035841278,0.09768177311141352,0.14609384563673009,-0.11172948526369504,-0.11172948526369504,0.18170756117366,0.10291107804986731,1.0,0.2413247458747859,-0.20974003986374432,0.2258570705536763,-0.021078708173978774,-0.13371248281429982,0.1469625439841806,0.14329911089525324,0.1469625439841806,0.004149240250110329,0.15814518730179608,0.15814518730179608
variable9,-2.1973901572226134e-05,0.01954408840091751,0.059148045358654415,-0.0996811870833999,-0.0996811870833999,0.1502836014683306,0.07211286560932247,0.2413247458747859,1.0,-0.3998011561579704,0.27566832448132367,-0.06323934709902652,-0.3920164601526814,0.016008516361088496,0.14205283768402685,0.016008516361088496,-0.10847603108251418,0.5452436733531462,0.5452436733531462
variable10,0.08769640346350256,-0.0926943210174054,-0.109798308881631,0.10505248170181952,0.10505248170181952,-0.055984646563613565,-0.019730252677443928,-0.20974003986374432,-0.3998011561579704,1.0,-0.551842522222502,0.01027007300875028,0.30004936541903887,-0.02134321900399192,-0.33469089646364075,-0.02134321900399192,0.1816168316461149,-0.218893928432902,-0.218893928432902
variable11,0.0010496584600014898,0.1019283895486731,0.18808656835879067,-0.06944363884492126,-0.06944363884492126,0.006820411514315378,0.1144389624082609,0.2258570705536763,0.27566832448132367,-0.551842522222502,1.0,0.022396992611351862,-0.16247024476813554,0.03085445491996867,0.3239507002263554,0.03085445491996867,-0.038178485833870686,0.17808974935933145,0.17808974935933145
variable12,-0.1594600134654796,0.010117871153924773,0.039457268043476865,-0.19921898380525055,-0.19921898380525055,-0.08515354774874143,0.021954377187600634,-0.021078708173978774,-0.06323934709902652,0.01027007300875028,0.022396992611351862,1.0,0.11340253911114495,-0.1967207551874453,0.09043171806052662,-0.1967207551874453,0.015376252893576166,-0.04216831454723727,-0.04216831454723727
variable13,0.013021681588697808,0.044725063680855916,-0.015757360877970954,-0.08192444214821411,-0.08192444214821411,-0.19431879689178522,-0.12375808663676291,-0.13371248281429982,-0.3920164601526814,0.30004936541903887,-0.16247024476813554,0.11340253911114495,1.0,-0.06127666581362513,-0.20001568447031334,-0.06127666581362513,0.08942616314595632,-0.013762487328033833,-0.013762487328033833
variable14,0.13884859310586753,0.13621869494364033,0.029791877423803573,0.0788426674970339,0.0788426674970339,0.15762195226283796,0.033889373323342215,0.1469625439841806,0.016008516361088496,-0.02134321900399192,0.03085445491996867,-0.1967207551874453,-0.06127666581362513,1.0,0.07517586387922583,1.0,-0.021369739126213705,0.02798233079654537,0.02798233079654537
variable15,-0.06472063772211135,0.1432319376509521,0.1746856417961552,-0.04403668224367436,-0.04403668224367436,0.004389141282753238,-0.0724716492390327,0.14329911089525324,0.14205283768402685,-0.33469089646364075,0.3239507002263554,0.09043171806052662,-0.20001568447031334,0.07517586387922583,1.0,0.07517586387922583,-0.06475606734678614,0.079569209277825,0.079569209277825
variable17,0.13884859310586753,0.13621869494364033,0.029791877423803573,0.0788426674970339,0.0788426674970339,0.15762195226283796,0.033889373323342215,0.1469625439841806,0.016008516361088496,-0.02134321900399192,0.03085445491996867,-0.1967207551874453,-0.06127666581362513,1.0,0.07517586387922583,1.0,-0.021369739126213705,0.02798233079654537,0.02798233079654537
variable18,0.003250569598656543,0.0004675712328172459,-0.015036153801515708,0.11247823324994821,0.11247823324994821,0.009803995121270434,-0.021676014615248162,0.004149240250110329,-0.10847603108251418,0.1816168316461149,-0.038178485833870686,0.015376252893576166,0.08942616314595632,-0.021369739126213705,-0.06475606734678614,-0.021369739126213705,1.0,-0.10608214786698932,-0.10608214786698932
variable19,-0.016809946781120834,0.0587573936543991,0.06997449424594215,-0.1073200124756441,-0.1073200124756441,0.07896759935751668,0.04561624588670246,0.15814518730179608,0.5452436733531462,-0.218893928432902,0.17808974935933145,-0.04216831454723727,-0.013762487328033833,0.02798233079654537,0.079569209277825,0.02798233079654537,-0.10608214786698932,1.0,1.0
classLabel,-0.016809946781120834,0.0587573936543991,0.06997449424594215,-0.1073200124756441,-0.1073200124756441,0.07896759935751668,0.04561624588670246,0.15814518730179608,0.5452436733531462,-0.218893928432902,0.17808974935933145,-0.04216831454723727,-0.013762487328033833,0.02798233079654537,0.079569209277825,0.02798233079654537,-0.10608214786698932,1.0,1.0
